0 1 2
1005145988871475200 1 177
1005145612176777216 5 918
1005144179721240581 3837 19597
1005089933894266881 1 5
1005087942723981312 42766 0
1004855332131295234 5 126
1004786407708164107 17062 131854
1004504457999241216 0 52
1004433635108442112 17371 75430
1004400383865901056 5373 42167
1004150322263183360 19438 0
1004029683225292800 1796 29177
1003866580697088000 127 1593
1003805846353121280 5384 48046
1003708192478679042 0 6
1003672564437340161 4 81
1003672308156960768 0 2
1003667715591147521 358 8795
1003413391564734464 16683 104767
1003372821605765120 9 179
1003337583118647296 0 5
1003024665403625472 7118 59829
1003015971957891072 0 18
1002970140076412929 1 9
1002727226838847488 0 65
1002709001115721728 0 93
1002678781562245120 7785 52197
1002674804057694208 0 13
1002672183003566081 207 1667
1002661439449042945 0 10
1002633258738348032 1 4
1002609967059406848 5514 36230
1002265749300432898 6 460
1002261982886625280 100 1953
1002219590875799552 17856 117315
1002210001593790465 162640 0
1001998056752021504 53 0
1001997994328297472 0 24
1001970563303247878 0 82
1001967228458356737 2 181
1001966808256204800 1 8
1001965427248041984 204 2547
1001957343247073282 53 3928
1001864812761149441 5652 48308
1001670116189376513 0 20
1001617281070362624 9 1007
1001616871181967365 7625 67229
1001538780342480896 0 27
1001537100636983297 101 0
1001530787458703360 4 118
1001526361629122560 1 57
1001495496735805441 2 62
1001495199753875461 6987 60146
1001487829845856257 0 45
1001253587480186880 10921 79533
1001243120078598144 0 376
1001242599863316481 200 0
1001207611629490176 1 6
1001170590038970371 6748 56712
1001150535272198144 6 37
1000898043447857154 0 5
1000890686697365504 7315 60698
1000853307156557824 1 28
1000850020491517955 0 14
1000819187919609857 0 6
1000769009531449349 4 60
1000525436953165824 0 24
1000524870239817728 5531 47335
1000504631376711680 0 131
1000444294921162753 70186 0
1000413174070501377 25434 0
1000406013181419520 0 17
1000241160730890241 0 3
1000182554048323585 0 3
1000052884371922944 0 69
1000048866169950208 3207 18630
1000032994831282176 0 24
1000032789109133313 86 2579
1000019709826347008 175 0
999821025503260673 9229 70843
999792798135185408 1053 14206
999760841561071622 0 176
999756371032772608 44 1470
999663309040373761 0 1
999496808777814016 0 162
999477072304263168 0 3
999476197015932930 0 12
999475777421836289 0 30
999475605212139521 0 2
999474886652329991 0 29
999453304106176512 0 26
999453211068108800 0 1
999451433882800129 0 120
999449117096062981 1 10
999448029110394880 0 19
999443785724649472 0 2
999442785324421120 0 4
999439888381595648 632 5404
999340470223417346 125 0
999321385729224704 24588 115678
999080471047888896 14739 92163
999037038946070529 0 4
998938618034081793 0 12
998928195524145158 88 0
998754837113331712 0 6
998712473707536384 25623 128816
998619322527506433 11 678
998596105498742785 9827 65653
998584772065710080 0 2
998580115012575232 242 5825
998308923290595328 0 4
998283191537557505 179 0
998233402196332544 5519 38806
997951090468499463 1 225
997950781071548416 4451 44397
997893145219207168 0 4
997660407631360000 7 383
997649354331697154 58 1430
997625480466583552 47 1731
997601957215920128 7791 66875
997510489566523392 789 13859
997283567322492928 529 0
997239996082999301 0 21
997200582556385280 0 27
997193935985565703 348 0
997154372428615681 1 4
997148767139827712 0 1
997145764790001664 0 70
997145634191880193 1 9
997143140221030400 1 123
997140980246736896 529 6708
996961725135114240 9 1160
996911839618445313 28207 0
996903061099597826 0 2
996861216193642496 0 3
996823894467186700 0 2
996782581554311168 6765 57614
996760337528643584 0 5
996756483680489472 11 249
996546110930989056 0 5
996545272787488770 152 5466
996544892607320064 78914 342480
996521183100260354 0 2
996515349255413761 209 0
996442796570677248 602 0
996404710595878912 9933 0
996188166217457667 9933 81919
996186774748762115 6 284
996094429239873542 0 14
996065695233400834 0 83
996064118112210946 6399 54681
995852824473939968 0 141
995829807903592448 471 0
995737431776419842 0 7
995735314663723009 0 4
995729782439596032 0 46
995727875323191296 1 103
995726611084398593 471 10089
995664137303838721 0 2
995449403354812416 13907 87097
995444406206521344 0 1
995335645580152833 38 1599
995311398178652160 0 66
995311119362387968 0 6
995114674600456192 310 0
995051079015587841 0 7
995030462073622531 7 181
995030186126118912 0 14
994991096878043136 4 261
994989488404393984 11 879
994989107037208577 0 4
994981991761219584 5922 33096
994976145820016640 0 18
994792080533872641 1 8
994759305621622784 0 9
994737215451336704 1 5
994677639364403200 1 10
994364904978239488 5 293
994363623421153280 18039 105672
994336722875047936 0 1
994024065982717952 5635 45698
993944355051376640 0 7
993889355365257217 5 714
993889039714578432 12382 77954
993629544463642624 10962 65931
993551676568195072 0 22
993551435202793473 1 19
993550370105430016 0 11
993550075723964417 5 154
993549188377055232 0 27
993547462743920640 0 209
993545616734195718 13 477
993479993828298752 8 789
993289347507027968 8074 73562
992835484916346880 0 6
992569952627560448 2 18
992459058547445760 3919 23973
992434549517881345 2 33
992241336677003264 38543 0
992215164064817153 121733 0
992198572664860672 7991 73963
992108928791187456 0 17
991837800474599427 29 1289
991837596887248896 7 794
991837147522064384 11160 95634
991744823156793349 0 284
991744041351090177 5576 46052
991489999869800448 196 1498
991468452232691712 0 34
991403058625118208 6 465
991401309407465473 9 720
991399795892916224 13401 85258
991146093462413312 0 5
991121306576879616 0 18
991117474551795712 0 10
991117346990362624 0 22
991116499271278593 452 7045
990987750601093120 9054 59055
990745189298917376 11368 77913
990701505018761219 0 2
990371169185476608 1 139
990370849608871936 5679 46649
990357021038915586 3 243
990321351926992896 9399 65399
989933119900999681 3978 18133
989931745297432576 0 4
989657223084244992 16184 87618
989537883743834112 333 3740
989362797472632832 0 6
989323987221172224 0 14
989319704715153408 3239 0
989300750152069120 19548 107739
989288720976277506 131836 0
989279937629696000 0 9
989177131887415301 0 17
989176681243070464 7660 59665
988932682615853057 14072 97390
988894684037644288 195985 0
988573045076963328 7386 0
988515600426299392 0 11
988515510550659073 0 40
988455306224128006 6013 49511
988208849340510209 17021 120296
988146597958750209 0 74
988145802106241025 0 74
988092954836430848 0 40
988086600117694464 0 121
988085358024970241 982 7510
987838487218057216 155006 0
987713213474201601 11722 0
987501841939423232 1 87
987398687562371072 3118 21002
987347825716580352 357107 0
986762231290490881 18172 115362
986692586785165312 65 981
986639920189108224 10584 75684
986394000415485952 14760 82239
986031318713683969 3195 54780
985925506536235008 0 2
985700162956865536 466 0
985592491792625666 43110 192562
985375275281207296 32 267
985227249023684608 0 33
985197159451512832 8284 59232
985012722675978240 0 20
984978760968671232 5 213
984977443814559744 5 504
984899768471248896 3437 21834
984594512780709888 8878 77023
984428686752538625 0 6
984230513396285441 5869 54191
984170643120906241 3 476
984169992051679233 114510 0
983850009203544065 10082 68995
983786873339432960 121 0
983745489492414464 63 2480
983499273294802944 7 508
983498439844663296 5967 53678
983451560633143296 0 192
983136864742887426 1 420
983135207464361984 1 656
983133464315691008 19438 128818
982701575922577413 6877 44121
982518140117504000 0 36
982317111094624256 2 83
982306667474780160 5164 33656
982014460561850368 25 739
981929074846322689 6419 49967
981895068075417600 0 3
981894806703169536 8 655
981684648836296704 5334 48287
981654415810744322 0 22
981619256528965633 36 479
981567107325399041 6215 56437
981544683678650368 0 28
981374074000732160 36 991
981373465516179456 0 50
981337691219521537 9 246
981322022591574021 11302 87180
981263996010598405 0 29
981260031617327105 0 22
981237453209112576 1375 0
980959359982297088 0 152
980958432772714498 6297 50338
980931791367430150 2 32
980837983178907649 4841 46478
980675033742888960 2 164
980620436445761536 79466 0
980611193751654400 87682 0
980596811772637184 12 414
980514397431959552 12 454
980487837186437121 11 712
980459826756145152 13615 93321
980219547147014144 4546 48105
980164400203141120 0 3
980116183511912454 0 49
980116064263696385 2 56
979793640552845313 11 875
979760817448062976 11 699
979754666236968960 6312 41419
979387798296977414 11085 76243
979214795093180417 0 1
979092927136911360 5 242
979053905400262656 0 59
979023664120295424 6 881
979022640504557568 11483 76038
978808485986086912 1 142
978808316385267712 117101 0
978780154754404352 0 21
978696256754241536 0 11
978695695011020801 1 72
978694905349492736 830 10056
978613739200098304 0 158
978423766077333505 8095 63519
978384552266752001 0 49
978358307462279168 1485 0
978357145493176320 0 53
978298085767045120 12838 72306
977652629764534275 1 106
977630329145102338 15522 67151
977382454444085249 67 1646
977382316623396864 125 2274
977307019790241793 12 190
977255873734168577 0 75
977250814082371584 6 290
977247893974405120 4 46
977245818951520256 2591 16932
977237280124555264 25989 0
977225792659836928 2 26
977194539613122560 16 2291
977193624265023488 7413 34274
977018919402770432 0 27
976965618112061440 14643 70298
976946948891607041 2 275
976898807727312896 8 590
976898286786433024 418074 0
976613067894247424 8347 56658
976497585828646912 12307 74244
976201779556864004 190 1807
976128197015359496 13640 0
975887646223462400 7209 56884
975834684440662016 13 514
975813116507324416 128641 0
975774985401896962 6 456
975767258600542208 5303 46073
975566242114428929 3 146
975523487984115713 25 875
975522681985658880 6393 52482
975500755632259072 118 2555
975483369701158912 158 2681
975427749312647168 6597 60122
975174472536817665 5 492
975171819568320512 5658 52828
974860918596218880 1 19
974851340194189312 10043 55015
974815485052309504 15 338
974787819083321345 1 67
974770212024344578 83 1250
974746320262062080 0 7
974717631033987073 3257 22347
974667468366020614 238 5937
974440398528700422 19370 0
974343342887784448 458 0
974317372013244416 11416 70502
974075638272462848 16911 86824
974067371806806016 1 20
974062596746829824 0 137
973981914032943104 0 4
973962287907266566 1 10
973961760041586688 0 28
973956076231188482 0 86
973953581203238912 0 13
973953494930640896 0 30
973952027448545281 458 5791
973662556500918273 1 450
973659427273347073 3 212
973644840343887872 7 297
973590145218809856 26484 158092
973551408321527811 0 5
973349042628460544 0 22
973228704355713028 2 466
973227172419833856 11305 79928
973224504687284225 0 47
973131113047773184 0 42
972981458339074048 18532 91883
972961971363598342 14 673
972175501770088448 0 95
972166027680407553 4 533
972165380952162305 4060 23297
971544454241964034 17257 109781
971451815907811328 16 3008
971075700043247616 8998 64684
970826879249862658 13 583
970826573615128576 0 29
970748525222027264 1186 6813
970720794077736960 5228 43750
970718356327321601 0 12
970703360746811392 0 18
970696053010980865 13705 0
970103884843769856 5086 43620
969765216065064960 1479 25331
969734775580839937 1 7
969636091044220928 0 3
969629355264610304 5724 39541
969624300855623680 0 3
969394815136882688 2 128
969394117938696192 6394 52281
969364839889100801 39102 0
969256345349345280 9 711
969255976049303553 0 6
969030957352345601 8414 60551
968955027820773376 0 6
968912399565803520 0 15
968895980610482177 5980 53401
968754832722022401 1 31
968572185160888321 7 496
968551737899606017 6024 50448
968176034674855936 9878 70542
967919560790863879 4596 45821
967549260848910337 3352 39836
967544041570226176 0 62
967264818238541826 9 172
967211403915464704 1 50
967128904040316929 0 7
967111268065841153 0 33
967091770440941569 4100 22309
966814620903182336 0 3
966811118340657155 37421 0
966805017180233728 0 3
966775285147406336 2 41
966774754559643653 0 14
966770056272187393 0 40
966719661839732738 8 284
966719291386146816 6253 49225
966479595632504834 0 39
966479140508655616 4845 46596
966461255388225536 47785 0
966106502858756096 6616 53129
966070861781487616 0 4
966064459449098240 1 4
966052936039231489 0 0
965997959421808640 0 15
965775196635398144 13 571
965752896661966849 6171 56539
965709381571670018 0 7
965689679583563777 0 16
965641751686991872 7311 59519
965442986304827392 1 10
965403324357935105 0 192
965398912533221376 0 5
965398752558186498 5 175
965395498667597824 11048 68883
965321843438706689 0 4
965301350954356737 1 2
965002993048391683 1 9
965002549681098754 1 182
965002233636114432 6409 48948
964988578462801920 0 9
964986500172713985 0 7
964742250268852224 18 1114
964649237437968386 0 14
964553423084539909 2 363
964552619501989889 2375 13973
964259545299193856 0 9
964253936755634177 0 7
964250532918546437 98740 286965
964182384164966400 5480 42407
964181047998140416 0 8
963943338331295744 249 0
963941034286829568 3422 29075
963892241986195456 1 115
963881340813881345 0 16
963881266092396546 3 132
963880818514059267 5601 36180
963837243520638976 18 1429
963836875621457920 1 59
963823847878389760 0 158
963820180026675200 4085 24902
963597735415906304 0 5
963592540455948290 0 5
963587359701917697 2 577
963575254860926976 12 715
963571184410472453 7169 57016
963567321259397122 3 53
963567040522055680 0 5
963566549171916800 0 51
963565745048313856 0 4
963555599349960705 0 3
963513110253449217 68 531
963478717107462144 0 7
963472930867961856 1 7
963470809745510400 10831 0
963249685602414592 34 3883
963230352251736066 10235 84408
963215034204729344 5 404
963213828547850240 1 214
963213358290874368 7616 49533
963210939460964352 1 8
963159968047353858 0 11
963141462266470400 0 7
963134936411762693 0 34
963099438607749121 7504 48246
962843256370417664 10699 74847
962839495140954113 13 754
962741584717631489 179814 0
962490853737553920 5 314
962475509543301122 3557 38673
962449759406641153 0 10
962433603870363649 342 5669
962401906701275136 7363 53322
962400310915366912 0 30
962100070878507013 5 234
962065723920072704 22 911
962060302392074242 37 764
962029201455919104 3523 22462
961767382980136960 13591 69458
961761068321304576 39 420
961696245961101312 0 16
961647285145882626 4625 40964
961409843906129920 10118 57770
961291190585954304 2430 0
961123428098101251 1 34
961060209992007681 6354 51216
961001021655912448 3 205
960955316073574400 8324 59586
960674106675953664 1 44
960671620938518530 92 3548
960597600578818049 3 7
960597240766238726 0 46
960588674059685888 0 10
960565167774945280 47 1717
960561900684791812 8029 63691
960554733638438912 0 76
960550098324348931 0 175
960538341954465792 0 8
960530193529163776 0 18
960501907981783040 0 5
960331173435265025 37 1330
960211227665453058 0 64
960189877911506950 0 52
959899229471768579 3 100
959898162658979840 11106 64924
959839393702871040 349 3285
959640493113135105 6 281
959605846790541315 1 15
959540313458081792 92 4022
959536801861062657 15815 0
959501428439027715 38 1029
959482510349688833 120 4448
959481725486235649 2 486
959117190191632384 10987 77434
958869737425063938 11580 72126
958859053660278784 0 10
958786785257115650 14 326
958756320794079234 2 394
958750916945108993 4994 36010
958747293552963585 144 492
958740986934579201 0 4
958730640924475392 1 9
958523182205501440 8105 52805
958459664416624640 0 21
958457016544038912 17 969
958456761211604996 23 1154
958456414191710208 11927 57844
958160673749512192 75 1490
958142918363054080 3705 0
958129275772850176 5855 43880
958124847263076354 115 2498
958082603390824448 0 7
958067045303767040 1 114
958059690000310280 1 18
958057011039670272 0 2
958047744547049472 0 21
958039022491889664 0 3
958030069095649280 0 3
958023238126329856 796 5514
958015851113996289 0 5
957795024107864064 0 36
957347919622963200 2 608
957342389823332353 9829 62949
957319913277968384 0 5
957156675865206784 3 241
957106572211183616 0 141
957099379336376320 384 10606
956944254512910337 2476 21278
956736361511444480 64 868
956696977563111425 1 236
956692843803889669 26152 138306
956603517401206784 0 2
956342397528666112 0 79
956218446966067200 11353 66492
955972692724862976 7520 58550
955851129103044610 5 313
955850395934449669 5580 41115
955609552812113920 5371 45491
955493426438516737 9206 0
955326148107489281 0 5
955246478083096581 0 10
955245628845625344 13334 77206
955160784048402432 0 32
954888830162751488 3154 32521
954760574348546051 49057 0
954751000904126464 0 202
954750379287248896 947 11400
954561742398423045 0 30
954445839560257536 1 320
954399734789222400 2325 18000
954194879244062722 6 650
954173060441169926 18733 113571
953996511351836672 10 156
953806755208794112 1 33
953744406078742528 1 161
953674358349844481 11514 63036
953430343532589057 13946 79411
953343855537123329 0 6
953343093922820096 4 379
953342819325931520 810 9824
953330118226833412 0 5
953321574479859712 4921 40776
953293939079106560 58 2705
953292893707472896 118 2472
952968636943265792 3 44
952953678230630401 6188 48938
952738179509088256 0 6
952623630378323968 1 81
952621357073928193 0 3
952343855210299393 6657 55573
952232684494966784 10 261
952232610226475008 360 0
952229772670767117 11 556
952049785762123777 398 8068
952045843447730177 373 3621
952044473726488576 13026 89544
951934330955288576 4 457
951930238522490880 0 9
951884064621031427 2 123
951881776938536961 3349 18709
951635425629794304 0 126
951504337074819072 13640 79197
951259794052087808 6 613
951258515674365954 7646 54321
950898829204869120 9067 53386
950790119140855808 0 2
950783127265390593 5496 47501
950782010888478720 0 4
950775424505798657 0 1
950531090250387456 5 545
950528949809045504 18479 101825
950457294109765633 0 18
950423174101045249 383 3165
950422559312490496 0 55
950378066299277313 1 25
950168046907351051 0 8
950052566238466050 0 25
949840784542576640 0 6
949802350566354944 0 9
949776574966124544 8 346
949750920413437954 0 44
949742330030018567 0 3
949696766785605632 1 281
949696116974604288 9542 65924
949505614933385217 34 695
949503485753651200 1768 11957
949433580563914752 0 5
949422665818927104 0 17
949396382904913922 0 21
949395229760778246 1 185
949387717649059847 1 168
949378532001697792 0 1
949360759573745664 0 23
949357124416655366 2578 22591
949088102534057984 5291 46004
949078567362625537 1 11
949078264248758272 1 3
948972527669383170 122 1203
948971730382581760 4 254
948971273064976384 360 4578
948968996145070081 17667 85744
948739489274482689 1 161
948714136850006016 1 14
948687886043549703 0 3
948664578006712321 0 6
948653544730779649 33674 0
948652796101963780 669 6341
948612476941275137 0 1
948610321387851776 9490 71625
948605279444373505 0 5
948603741799960576 91 2902
948601297682477058 0 7
948600899148099587 0 2
948556168812777472 0 60
948555825622249472 309 0
948357622209622020 4851 39110
948266822176002050 0 3
948266384185876480 0 6
948250450243047429 0 2
948240582220107777 8306 52234
948055513496997888 0 10
948050306734215168 0 101
948031876064796672 1 37
948017611769548800 0 63
947999219612299265 4 114
947995927687630848 4929 38231
947962386031529990 0 7
947928991280828416 0 2
947928748250329088 0 2
947902331655540736 0 4
947895661000871937 0 11
947885566808481792 1 215
947885130424733696 7 390
947884244562477056 19 601
947883561050361856 2 330
947882686550630400 6541 44786
947679207550832641 231 7210
947635124933398531 28232 0
947566728409739264 0 11
947512662379974657 60 853
947509736437624833 33141 118095
947508372236095488 0 88
947508129851494400 0 3
947503957336838145 1 50
947281329896546304 85866 0
947139743829118977 0 10
947138363592716289 0 2
947138133711310850 0 16
946980989238116352 2629 0
946890502758117377 36 554
946843795487850496 149 4050
946839336695336961 2 369
946822118871724032 85866 168559
946811030394589184 5 89
946781450682228736 0 3
946779627053305857 726 0
946574637013577728 0 7
946546336731729925 1548 23475
946501744929931266 149 0
946470880045092866 218 0
946435315392237570 1 236
946433880898359300 3429 27352
946370373246996481 0 0
946369861789405184 0 1
946109325575114752 0 1
946084233042374662 0 40
946082278060503042 39 872
946068980296568833 3813 32876
945765917492838400 1403 11100
945517768601989126 760 0
945479762629349378 2883 15194
945474393618120705 5063 43574
945459196014813184 3516 29745
945444330315091968 6077 37311
945429065229635585 9539 57919
945424543400808448 1 56
945414452505206785 9443 55554
945398945597009920 6114 40356
945383824174780416 3293 27249
945376203313213440 0 17
945369048166084610 2218 21218
945353731595554816 3322 25587
945338377565560833 11245 64461
945332824927801347 35 639
945331126985482240 0 2
945329725131710470 70 1016
945323311436791808 8901 51404
945320455946293248 3 182
945308250211266560 3700 27956
945304385520795651 149 7298
945095346497126400 18779 90911
945052042468487168 0 2
945038883594670080 1 8
945033610977054720 51 0
944737425192050688 10124 0
944702157181341697 1 4
944342027499704320 0 7
944279878043684865 2505 16988
944232573382905856 0 4
944077246008053760 0 73
944019942495567872 41 1479
944019446657626118 23 1521
944017379335573504 4891 37758
943905566543446016 0 12
943869776333606912 28 0
943846526530531331 0 1
943845506521890821 0 61
943650866187431936 7846 55983
943643721463226374 0 6
943636759652417538 1 45
943626393379885061 0 1
943527192444665856 2158 21602
943515145082490881 0 6
943288871093178368 8650 62265
943259163085373441 5 210
943204599057575937 1 130
943199609521934336 0 27
943194971984793600 1 345
943194417493692416 218 3032
943180758440652800 0 4
943169130177400832 6161 46690
942936985911644160 795 0
942836401267183616 175 2684
942809295963516928 7597 0
942803415134031872 795 12000
942778404079915010 1 15
942575984196423685 2 181
942575209697202177 5595 49071
942185582658310145 0 31
942184584946515975 10035 74456
942099257921851392 0 31
941841077140561920 12 223
941828511991414785 69 0
941828416663199744 0 5
941729023691972608 8336 38346
941687166786244609 0 5
941675342565134336 0 6
941479134072594432 4189 30102
941401178419683330 31878 0
941370310833659905 138 0
941103190065471488 0 31
941102879124938754 79 2102
940993748879757313 9913 55946
940756151389573121 9471 0
940744503744442368 0 12
940744352434937857 1 13
940693923424559109 0 3
940692978556907521 0 11
940682801019543553 13 364
940681849118085121 1 14
940681389460123648 1 125
940681267372314625 0 9
940631028305100802 1 75
940630363180806144 9573 47450
940388554831814658 10935 64235
940380706114621440 3 87
940371828366815233 79 895
940371681977225216 0 4
940293599392157697 1 7
940282913844809728 509 0
940024196771454977 7014 52370
939976497829482496 1 44
939938812762959872 0 4
939901952737140739 3 31
939642244033892353 4643 34328
939550152414679040 0 11
939213653122928640 0 5
939187237513826304 0 6
939178855146934273 7999 48383
939159449276702720 0 3
939143892859047938 0 2
938950381719228426 0 1
938942782420504582 13908 0
938938686862962688 0 4
938938590092029952 0 4
938933199702544384 0 4
938926737030860800 107 1222
938919038616469504 0 32
938881670333247489 0 6
938863039205597186 0 33
938863013330857984 49 0
938844282471047168 4 527
938837142557614086 0 12
938822804652351488 0 71
938821698715115520 10831 72406
938817205529169920 1 3
938816984409624579 33478 0
938578508552470528 0 7
938574553533571072 7647 46084
938555911441874949 0 14
938468652369707008 0 8
938451641375657984 3452 19583
938210994136014848 3399 30350
938126576088158208 1 6
938083132825272322 7574 37259
938080996242677760 9 459
938065787222462464 0 8
937850904040165377 5647 38665
937819596643622912 0 3
937756906545926144 1 8
937756802707574784 3 38
937753998836359168 1 8
937753923628224512 1 4
937746385180426241 0 5
937730852766781442 0 3
937729502398083072 220 2725
937491595800334336 0 82
937491495699042304 20 462
937491083738697729 5807 39236
937484978513997825 0 1
937476446699835392 0 2
937428820356943872 0 4
937399986312110080 0 4
937371258458640389 2 117
937369419809947648 5 191
937369215660707841 677 0
937368794854576128 245 3834
937145487840436225 3 735
937139897491771392 47 3050
937095805034524672 2782 24342
937081811691298817 0 1
936998966016790528 0 9
936822903793893376 0 5
936705824445095936 36 738
936615281346179073 97463 0
936382994956374016 0 61
936330224723251200 0 3
936330035316785152 3 246
936321744884858881 4 486
936315008937492480 6076 32747
936311305044193281 30 0
936285157979455488 0 7
936274761289752578 668 9087
936273342809739265 0 5
936268021336825856 0 3
936097383078924288 136 1252
936090740823855104 0 34
936089529978703872 186 1462
936038939479150593 28 714
936037350135693312 8360 53537
936019358803025922 0 1
935979690023628800 1 169
935979186505871360 1 9
935978154400931840 1 17
935976694237794305 4 82
935967887319281665 0 3
935951685557645312 1 6
935934185780498432 0 13
935925286109097984 14890 0
935684774483636224 2725 0
935677413547237376 0 7
935675071833739264 10 152
935673016784125952 7246 47863
935603118536085508 0 27
935599085633064960 0 7
935582965156995077 40 780
935540010853523456 1 72
935512084456050688 0 3
935511965782462465 0 9
935357684378996736 0 20
935310526468509697 0 4
935308587622109184 0 3
935304991836864517 4 108
935301355870277634 161283 0
935284429202903040 0 3
935279805267931137 0 1
935267975392845824 0 4
935265425193164801 0 1
935257897092644865 0 175
935249036050927623 0 8
935248872259145730 0 10
935243833700487168 0 12
935243512458764288 1 6
935231990420443136 0 3
935231691525885957 1 11
935228148890906624 0 4
935194582408683520 0 21
935193192479297542 1 208
935192381690908673 10735 60692
935180964346650624 1 8
935177661466529792 1 8
935168534291808256 0 1
934992062050684928 0 5
934967150657392640 10 381
934946349233115136 3 222
934945121988202496 20582 70162
934910295671230464 0 75
934910142398844929 0 3
934869800681132032 11 400
934869464113442820 0 1
934865668993961985 1 4
934857660620566533 3363 0
934848704581947394 1 7
934784803722932224 1 1
934631387709231105 1 7
934604012409839617 0 5
934602195600920576 0 105
934585797621243904 0 3
934585585167151105 0 2
934576012322656256 0 24
934575800799711232 11 88
934489642602258437 0 4
934467192669769728 7865 47180
934440061143273473 0 10
934427403274936320 0 1
934427236802924544 0 4
934292695262072832 0 0
934254482493509633 0 1
934228734579806208 4 20
934228454211571712 1 37
934223871452073985 11800 0
934208582337417219 1 1
934161736428638208 0 10
934132762516353025 0 2
934104361420062722 4402 32647
934102420593967105 0 15
934064807774425089 0 46
934064463099125761 0 2
934064301236736000 0 34
934063750608556032 0 10
934063285892276225 0 5
933923153885257729 276 1976
933836313454891009 0 27
933818468339736576 0 2
933782858468134913 0 2
933782799051579397 106 2356
933780055364440065 0 44
933770917586591744 0 13
933745414796447744 0 45
933740517472587776 74842 166899
933726778245476352 1 14
933672385303187456 0 0
933499111793483777 4269 30188
933484518102757376 1 35
933456811218399232 0 6
933408484309262336 0 1
933407208288768001 0 3
933406034064003073 148 0
933381319828082693 1 21
933349220588892160 5 260
933211893556228096 1 133
933141322956988416 4951 36839
933075659949330432 92 1887
933030779604619271 76 0
933019239581147136 39299 120442
933013870599385094 0 5
933007885826740224 0 0
932988267959607299 1 57
932987580769071104 0 3
932776017739091968 5865 37552
932732903183867910 0 3
932730139636649986 9 175
932691855216701441 0 12
932687258808930306 0 5
932687117691641856 0 3
932687068131622912 0 4
932685638910070784 0 4
932685192258519040 0 4
932649727044345857 125 0
932647133978726401 236 2360
932646765253230592 458 3111
932618631212650498 0 8
932416024724488193 6025 40361
932390033960636416 0 4
932352280350875649 0 8
932350214937153536 407 4745
932316928806400000 0 12
932316883981885441 1 5
932302510848724992 347 0
932023496938610688 1 4
932018401215746048 0 5
931958433372409857 2872 25111
931945626190958594 0 8
931943309437820928 0 93
931921689688072193 0 4
931919380635619329 42 0
931703092495646720 61023 0
931680222851760128 1 18
931669936354873344 0 4
931659664416108544 0 4
931649956611526656 1 22
931613221429153792 0 5
931605956919791616 0 9
931601517139910656 0 142
931594110498156545 0 5
931587553689526278 6 104
931575408549605376 1 30
931573713023176704 2680 18489
931534190100865024 0 3
931350002802348032 0 6
931348065046417408 0 9
931326827431432192 0 6
931326753808830470 11 493
931325917338787842 8281 54366
931320104956067840 0 45
931320004997533697 0 1
931265551393021954 0 1
931244514672603136 1 11
931234651636686848 0 3
931227911990009858 1 7
931225805358804992 53 0
931201929430163461 0 6
931039386849959936 1 128
930968461093888000 0 26
930963204884303872 15378 71439
930938013743550464 170 0
930911472514928640 0 138
930831855691227136 2487 58955
930825097987977218 1 10
930622279209373696 11242 0
930616572716158978 2073 20302
930515007896477698 7831 0
930485699610062850 18940 77804
930240158183641089 5247 34540
930237073897947136 0 6
930230438853046272 0 4
930228967881224192 0 5
930228868144926721 0 3
930228667090898945 0 2
930219987582832640 0 3
930218179158335488 1 18
930216474786099200 84 1049
930200780400971776 0 3
930195266204037122 0 63
930189430509498368 0 67
930189361148317698 0 2
930170170437447681 0 9
930154117003141121 0 2
930150358084710400 0 10
930148729503526912 2331 0
930121667715747841 5578 31116
930118006335827968 0 12
930113669161193473 35 0
930091932142964736 0 3
929889708754243585 0 5
929887642459738112 15205 0
929878482770890753 4 132
929877819500396544 4900 35050
929839557796880385 0 23
929766017164873733 5 367
929733309684318210 1 4
929485548850417671 1 9
929471830364172290 129 0
929471042497720320 1 33
929469472687214594 4074 33912
929452956042358785 0 9
929452844977188864 0 3
929418420596113410 0 10
929417807313416193 0 8
929417088384622594 0 6
929416905156415489 1 4
929416502104788992 63 0
929416381753430016 1 79
929415855078813697 300 2546
929412172446425088 0 3
929404745936236544 0 3
929146455008432128 7 544
929032377908776960 40 0
928983421472460800 4 50
928982302822150149 0 51
928842106491285512 8 796
928793347086577665 7850 33574
928779331538751490 0 10
928763901528936448 0 6
928681544696434688 15 251
928655892249305089 14 331
928436979410309121 0 25
928429860388851717 61936 217120
928415040700669957 3 199
928343137575161857 0 17
928342970746667008 16 82
928277410881171458 1 126
928272859826479104 3 227
928272345415995392 43211 123801
928070866260373506 1 74
928069304389652480 4858 31158
928034602832334849 0 12
928032489691631616 5432 0
928020394736607232 98 3494
928018870023151616 1 11
927996252779892737 0 1
927945631544631296 41 435
927726052222406661 0 2
927704713486888961 5965 42971
927668470443061248 0 9
927664299065204736 0 83
927654846777450498 0 5
927650662233595907 0 11
927636679648862208 1 42
927634647663697920 0 3
927624413125730304 0 2
927620532635406336 2 5
927619747436482561 0 2
927619595955032064 0 12
927619529299111936 0 3
927612496185364480 0 73
927611820889853953 67 0
927611796239867904 0 2
927609119627993088 96 1537
927580732846985216 5896 38098
927573917270765569 0 12
927560435036979200 61 0
927534842979540992 0 2
927534427248431106 0 4
927344010561228802 59 306
927342862165004288 7997 47885
927316965701701632 1 8
927264201575411713 1 317
927209375693004801 1 106
927186032017231872 3 315
926962867659780096 1 4
926962678219800576 3404 27252
926934940125720577 0 10
926934828871798784 76 0
926902164966006785 0 13
926901151039152129 7 249
926624413092630528 6471 37004
926585180378320896 0 4
926567932909498370 72 0
926453018433933312 0 49
926424648316784640 44434 0
926250689503821824 14024 84180
926138606779031559 4 114
926137010540163072 0 4
926133764543143937 0 4
926125061630844928 0 6
926114246043332614 151 0
926112993238233088 401 5453
926094913879658496 0 34
926059332973813765 0 2
925915094030135298 3 126
925914717666906113 10328 58754
925851892751765505 0 16
925851574345371648 0 4
925697674317139968 0 4
925678012019892224 0 8
925559521279221760 0 59
925558259112484864 2077 12299
925555767591157760 1561 14192
925542947864461312 3285 23909
925531691438841856 916 0
925529128027033600 16 439
925528590342545408 1 139
925527922550620161 3704 22755
925523947101155328 8118 0
925512753179009024 7957 39200
925500090214621184 48 1419
925498875212808193 14028 52079
925483423581421569 0 9
925482910936743936 6229 31081
925468906130612224 2441 16929
925457653085626369 0 5
925457608055463936 0 3
925457575604240384 0 3
925457461783359488 901 0
925452385769594880 3763 25354
925437303006228480 6241 29109
925422152643252224 6738 32265
925407108304068608 5049 27453
925406240108249088 0 6
925400145637785600 0 4
925391981131448320 3956 18472
925384379043495936 243 7581
925307490782154752 9 241
925163762666971137 5177 29245
925110194534694912 0 9
925049916346449920 5171 27571
925036932253417472 1 4
924802299817537536 0 92
924801697532252160 7136 50566
924782424176947200 382 0
924377427371012096 939 0
924333969847529472 3 155
924304816008060929 3026 22470
924296793202020357 0 5
924296476922122240 0 3
924048180546859008 1 5
924037931823718403 0 3
924008448567791616 0 2
924004727809077249 0 11
924004620837507079 300 0
924004565887995904 0 51
923990674407612416 52 1673
923990513744859136 0 15
923963382683889664 25045 0
923957933200887809 53 0
923944548937748481 14 924
923943451883982848 2903 15087
923927351267921928 0 3
923900635745005569 0 15
923737837706588161 0 3
923727562383220737 0 12
923701114880475136 3425 30394
923673780718854144 1 3
923666217277313024 0 5
923664726370013184 0 5
923624158944219136 1 2
923583996944142336 37 0
923582215962980352 533 7474
923339298757279744 0 11
923338689715032064 11359 56701
923249134882246657 1 80
923218360917200903 1 189
923218182554480644 9747 48377
923213674063564800 0 20
923209569098223616 0 38
923199605189332997 0 7
922975385586892801 4352 26878
922947058897743872 0 8
922885743588102144 1 35
922873886219423745 1 6
922866388938747907 321 0
922859076010246144 9106 49499
922613747272871937 7946 49592
922578044275052544 0 7
922525427096260608 10435 0
922248630161104897 15 437
922243518785081344 6740 41314
922233534718316544 0 4
922216265548222465 0 20
922191899057971205 78 0
922167484660224000 1 14
921869936980647936 1 70
921868805143453696 69 1664
921865409187414016 2627 21412
921862994170179585 0 6
921853500610547712 0 2
921778213298364416 0 4
921749287188488192 264 0
921553017580785665 1 16
921528225989308418 0 259
921527931872169984 13937 59302
921514600025219073 3 121
921512466776981507 0 2
921502208558026753 0 3
921502119739449344 221 0
921408906076749826 347 4573
921387235676745738 270 2350
921381844028985344 1 15
921380183084617730 0 9
921379272845086720 563 0
921169689379614721 3 105
921168067048230912 0 3
921164155155107843 4591 30885
921127961570537474 0 12
921120769752686598 0 5
921087453917741056 29 0
921081739463839744 0 3
921071941166956545 0 9
921067960814460934 0 10
921066953598472192 0 7
921066595199389696 0 37
921066153153302529 1 17
921065697584799744 1 25
921065584279851008 0 30
921064888876838912 334 2860
921061991858540544 0 9
921060664285818882 0 6
921050954715320321 1 20
921047929363881984 6979 37336
920804840615297025 82 2392
920800456384790528 26 866
920799929982783491 6302 35804
920764531432882176 0 54
920688910673612802 0 10
920688735121018880 0 11
920665078239768576 1 45
920664640304148481 0 70
920444216559403013 8656 44257
920401377217695744 0 6
920400839931498496 0 20
920355980675821576 0 6
920346125546213378 0 11
920337719364120576 33 0
920308055442632709 1 69
919971499699851265 4939 32585
919723715222540288 10084 60159
919255723606933509 53833 196636
919218614489833473 3 22
919218055007350788 163 1561
918629386731081729 0 15
918620586544435201 3217 27889
918545987559460864 86812 0
918187591454818305 1 25
918158328857026562 1 8
918153883318398976 4907 29129
918120952612999174 0 15
918119385243504640 0 9
917870515360096257 1 24
917858451073699847 0 7
917842654259503104 13 571
917780427594747904 8693 39464
917739746708910080 0 8
917739511123206144 0 27
917528126481141762 484 0
917489902987763712 0 16
917430667448934401 6 311
917429577672200192 13 293
917426251798892544 0 7
917421817291247616 0 15
917421603826302977 9471 40164
917385849288970241 24 0
917179128058728448 0 14
917172603026071553 6113 44456
917147015196405765 0 15
917134211185889281 3 133
917131073137586177 2 109
917128860487028737 3 106
917101226948472837 0 13
917083774529175553 0 63
917082461691097088 18364 0
917056542549139456 0 42
916814363700408320 2369 20922
916808370706944001 0 8
916711372607586304 0 9
916711281486454784 0 88
916711011620663296 0 40
916696482539073536 0 4
916692711658393606 0 15
916512418582482944 0 36
916454558641123329 5998 33703
916402501368336384 1 9
916365560098803714 139 0
916329841032663040 0 4
916328675964063744 15 745
916327531858493440 2564 14860
916305784526516225 0 2
916299364825489409 31401 0
916033000642621440 0 58
916030075543408640 45 0
916029999043551232 1 170
916003807938654208 1 5
915983231383670784 3 194
915978375193399298 8662 49025
915769649844940801 0 31
915762238874701825 2 178
915739537103613952 0 7
915739503352008704 0 9
915737168177516544 187 0
915709554192785409 0 10
915706941778878464 1880 16567
915705926849646592 16760 53060
915671823517388802 0 5
915666904597041154 0 14
915666678435991552 1 7
915651046055268352 0 11
915645405156855808 0 4
915638378040905730 1 17
915622623102537728 1 6
915615635866046464 0 28
915614494117761025 5157 32580
915549759313768448 0 27
915387977269903360 0 11
915380711913328641 16467 60994
915376785168138240 0 8
915326576975384581 1 44
915323007064735744 0 9
915315999188144131 4 128
915293007393501184 1 9
915290313941557248 1415 0
915285712882274304 0 20
915281222913445889 0 16
915279744135987200 3 203
915279554230542337 46 1419
915276387564638210 0 8
915272625437462528 0 33
915266499195101194 2665 0
915266280843878400 0 3
915261062185984000 130 0
915260531057086466 1 47
915258078500704257 1150 0
915254461936934914 229 0
915253067444047872 134 0
915251611903111168 273 2543
915248167955894273 0 12
915247305887973376 97 0
915225788483604481 54 0
915224568251535361 3754 29294
915216789805596676 817 0
915214890033393665 0 3
915027951082704897 124 0
915026614399971328 0 11
915019727260520449 284 4048
915011828652093441 3659 26305
914883359830142976 5071 29132
914858592221777920 0 7
914649396226248704 0 9
914649153870974978 15 786
914646576584380416 1 15
914641681345138688 254 0
914614341269360646 26584 104466
914596990192902146 5 15
914589386188230658 0 6
914531586107994112 1 5
914531407522869255 448 0
914517503178608640 0 19
914326228190072832 200241 0
914265685873893376 3230 20741
914164043073691648 0 9
913941014125170690 3 76
913932103720595456 0 5
913931394333765633 12290 0
913928359851298816 1 131
913928020381044741 1 237
913910931729666049 0 4
913877237711204352 0 12
913853784782188544 0 9
913835739019976706 0 5
913832824393912320 0 3
913821225234911232 169 1503
913795669407694853 3358 26028
913568731024039937 9612 0
913562927415820288 3 89
913560683593289729 0 8
913558818621153280 2 213
913557449633824768 0 10
913554818140135424 15108 53643
913547675705933824 0 5
913469273238106112 0 26
913436080363499520 4232 29639
913251455603236865 0 8
913217174243876864 0 61
913217095806193665 135 0
913192352172343297 1 27
913192269582397445 4215 29350
913190917770792961 0 11
913183006705233922 0 3
913080311604531200 5791 30968
913016274522923008 0 39
912852589368274944 250548 0
912841020395675648 4 130
912796173957726208 5432 43660
912773101099868163 1 73
912710395210629120 6021 37448
912705661141692417 0 16
912703954131259392 0 19
912696641647529986 0 18
912695424267509760 95 1933
912660452873818117 4325 0
912484993355698177 8142 40705
912480596445859840 0 18
912437042801467392 0 16
912365452264923137 1 10
912359992786931712 703 13956
912358817312198658 178990 0
912342567651565569 7918 49385
912324627535421442 0 11
912321096548012033 255 0
912296333591097344 0 3
912296209519452162 0 8
912264279063134208 4 165
912163971918127104 1 29
912128564551733248 1119 0
912115536229752832 9273 0
912106874996232193 0 7
912103285204701184 0 67
912103168309432320 2 245
912102028402417664 4731 29034
911721098953281536 6339 0
911695339014561792 149 3251
911694821986832385 3658 27684
911691977061781504 0 50
911619491154530304 0 46
911619416198180865 0 7
911381901247700993 3 143
911381420475641857 10569 44895
911347738582962176 0 6
911341303790743552 0 10
911341205782441984 36 857
911299793003122689 6973 36221
911294076015824896 0 85
911279020536451072 0 8
911276981005766656 0 17
911273788121247744 0 5
911265815810453504 441 0
911263457558843392 564 3932
911261763580067845 0 4
911254390337613824 171 1881
911221793695895552 0 7
911219699333165056 0 11
911208441888288768 0 2
911202740075982850 56 0
911017263033143298 7925 34673
910920993136349184 1 8
910912023248154632 13 293
910905063526354946 0 44
910903558761009152 2 259
910896719478616064 2 72
910885838946488320 2451 6033
910881614313422850 0 78
910880389241196544 15791 44090
910706684313653248 1 16
910654401488015360 8002 46616
910583872366268416 7 856
910580043381923840 19961 73326
910547704534720513 39381 0
910492740487716864 1 7
910330424995573766 7467 0
910327456736907264 43 2225
910296280009756673 5422 34806
910234159100162053 270 0
910218432280440833 1 8
910207591183208448 0 6
910177731656273921 2 169
910177273894117376 4297 28917
910160414801088512 0 14
910148079147520002 3 44
909994812371283970 0 4
909994411387432960 6890 0
909827554822979584 0 5
909812157876928514 6956 33934
909800402324946944 11349 0
909574964633853952 4312 29508
909560283185733632 11 318
909488641126404096 1 183
909478804065841152 7977 47304
909230169654747136 36 840
909189786279301120 0 12
909189567487660032 160621 0
909187424374464512 0 11
909156893029027841 0 14
909089864515190784 5282 36592
909079031177412608 27 469
909078788759343104 2 24
908869201892438016 0 13
908868752728629248 0 5
908847183860060161 19017 0
908823987769298944 2367 0
908737417452163072 0 11
908737284303880192 8 324
908736755880382464 5152 33414
908732274836897794 0 33
908732009245298689 0 6
908533135570296832 0 8
908490335847960577 0 46
908490017282170880 2 94
908489624619769861 7246 38379
908409440315027456 0 11
908401151862824962 1 4
908397095849218048 2 17
908393843606933504 0 11
908383811230199808 0 5
908361194012123138 0 9
908359705004736512 11242 57235
908359030233583618 1 4
908353730675986435 0 8
908352439711145985 0 11
908350001037836289 1 4
908349937062117376 48 0
908330509272584193 290 5613
908330279630241792 58 0
908183720825323520 1 9
908180291709173760 0 10
908123991306641408 2 100
908123247547502592 4461 23547
908111842148483073 0 4
908105365631508480 1 40
908101464798658560 462 5891
908096723964350465 0 21
908036999638069248 14 532
908035877074595840 23 498
908035301209239552 6684 33084
908026135782490113 5 103
908025291603312640 7 146
908024866862968835 2 105
908024399693053952 2 118
908023285585195014 2 158
908021579933724674 2 134
908020979775000576 4 131
908014869819117569 2092 18618
908007235447640065 0 27
908004929113128961 0 13
908001297353379841 1 28
907997935417397249 6948 32804
907974581721468928 1 67
907936487114788864 0 44
907736833618059264 11842 48455
907655899686240256 7 156
907645458499207168 1 15
907641969098330113 67 1980
907638734266552320 0 124
907637187411419136 2 111
907635931636752384 2864 21415
907630637745676288 1648 0
907621917271740423 56817 0
907619822061674496 7315 45328
907588709213724673 1 50
907392039918211073 4068 25153
907362346108112896 0 13
907359228096106496 0 5
907345414743056385 1 10
907330269606285313 0 7
907272188641902594 35999 119614
907254192733122563 2 156
907240912149008384 14599 0
907035273988624385 1 119
907034309718147072 13357 47928
907022796022304768 2 12
907019787213172738 0 47
906954403273375746 1 52
906951815878647809 1 10
906951465142538241 1170 4078
906666744349159425 876 12712
906666326785236992 15 610
906665950480609287 8862 39629
906635527436283904 0 9
906564982590132225 0 8
906562052914741248 10 349
906534171652362240 0 20
906314328680402944 13908 57591
906237048159338496 1701 0
906234753086623744 1 11
906217059977191424 67534 0
905951850658136064 7125 37107
905928729901363200 1 15
905916686758551553 0 14
905887660912369665 1 19
905862749842006017 1 11
905824321540673536 7386 44263
905583953133920257 7134 38332
905566438848696320 0 11
905566068751654912 0 18
905550448186281988 0 6
905522918360309760 2 19
905517974391574528 53 0
905517933677424645 0 6
905471428790816770 0 6
905471297588572160 0 182
905469246188216320 5 460
905468331175661570 2385 21893
905257417457500161 0 6
905252446221590528 32021 0
905222050297643008 4307 25609
905196393643552768 1 115
905180338791514113 0 19
905179682009690114 2 14
905175402502660096 1289 14469
905171788224753664 0 9
905160055707848704 0 4
905151931957616640 0 10
905135534355476480 0 9
905116300346871809 0 10
905115315511713792 203 3658
905099513043587072 1 376
905098956430086144 5537 31085
905082258054418432 14 558
905079759352291330 4 330
905079268476145665 17396 67699
905055559233228800 0 3
904870239850168320 4 57
904858013206552576 7364 38351
904808832555155457 0 40
904808572915257344 49 0
904740498342113280 4704 29548
904721972256538625 16369 0
904719195958632452 1 18
904717812341645312 16 750
904500494210666501 29 0
904495094014861312 9471 47840
904487813449691136 0 15
904444694159089664 0 9
904416378555379713 0 11
904414511800754178 124939 0
904363433650515968 3459 0
904363290456985604 1 16
904362936260587520 3 61
904361990591827968 115436 0
904361634218565633 931 11686
904357418456547328 7 137
904166166024916994 158 0
904128876116410369 7676 38661
904052430681366528 0 3
904025466134302721 2 21
904025303324004358 0 9
903771809534926850 2745 21088
903736168549937153 2 23
903650479208632321 526 9100
903648669295095808 3420 25812
903621317353721859 0 4
903598103034507266 0 9
903415385592131588 0 35
903415138384060416 1 83
903414616709005313 4715 25748
903411864050307072 39 509
903321797197783041 187 1193
903296869908008960 2 52
903288181222772736 11800 60139
903282344831967232 0 2
903280195645386752 0 3
903257593459732481 17 325
903098789484953604 14998 0
903047250515025922 3811 25409
903043202265083904 0 6
903034942686457856 1 8
902968488096038912 0 4
902927662754258945 1 41
902923889638072321 12290 45821
902896958204936195 1 7
902882760087437312 0 4
902882343278530560 0 8
902738096944545793 0 36
902671467468525568 86049 0
902648463149731846 0 6
902646107259404291 0 3
902564016756744193 1 81
902561653547552769 4244 39500
902322102602227712 4385 26668
902282087981391874 804 0
902236863959900163 1043 9593
902203975499382785 3952 27496
901962141464485888 5995 32350
901958743272849409 0 54
901954983687585793 5001 9174
901893438697852928 0 11
901592498421858308 8821 50104
901564581256065028 2 178
901564209359704068 18568 0
901537069268422657 0 156
901532938847883264 0 240
901532733121409024 1 180
901532575340036097 8 747
901531931787001858 410 6699
901527884283752448 19341 0
901525654344261632 2 228
901505596159119364 24258 0
901504792937328641 1 347
901492513537753088 8 511
901485856069963776 2 223
901484571857911808 31684 0
901483702814945280 0 366
901483538494738432 2 297
901474531449110529 3145 15595
901469532564455424 0 9
901444132794765313 187 2386
901266923954085888 6 65
901234726886932482 4690 25409
901204832568127488 14 344
901204319462187008 7605 35541
901192017581133826 0 29
901160601183035392 2 104
901096853307097089 717 6890
900906438121402368 53195 0
900881534437265408 4836 31841
900855441261043712 246 0
900828226129240064 0 10
900827144833703936 0 8
900819998087819264 267 0
900742018732871681 3005 20498
900736977770881024 0 44
900552191995514880 0 6
900551912776503296 1 161
900502499592990721 4202 29326
900488836161179648 3 27
900429189278511105 325 5340
900410492044312577 0 17
900397767780163585 417 0
900391075784916992 4011 24876
900377202327302145 0 12
900374366629789697 41 625
900374283406409730 182 1879
900174655406968833 15 243
900169739221291011 0 13
900161981637939200 1 15
900151557852942336 1 112
900149487678750720 3317 20547
900140929604096000 1 32
900081675211874305 7522 0
900070456102932480 4595 23834
900042559812251648 10 328
900025498180493312 3481 22412
900005854551953413 2 61
900005581431480322 12 559
899798273745199104 0 7
899783474726535170 4814 28044
899440689326563328 13983 0
899415161668325376 4774 26591
899315938650185728 4 42
899315136543981569 1 15
899310804146806785 1 74
899067481104367616 0 15
899062131706015744 509 7542
899059978819952641 2565 21249
899028344733171712 1021 9061
899013117614665729 2962 21062
898979208713482240 0 43
898967913260093442 1938 12815
898952712611606528 2190 14441
898937619198947328 1622 12287
898926001685581824 5 275
898922523231911936 2658 18081
898913226632593408 213 0
898711526520926208 1 59
898710365671899137 6 387
898699825255858176 5374 33486
898688644717965312 9 403
898684094678040576 6617 37844
898567417705746434 0 17
898566534918025216 0 51
898387888416665601 0 66
898353322683453440 116582 0
898276256633962496 2 32
898214600516263939 14584 60239
898049017866833920 11 306
897993880959766528 11 395
897976284361502722 5260 27817
897962839901712385 45 922
897960277127213057 7 129
897930897059528704 5 182
897929480739672066 18 370
897928137266298880 34 398
897923016645988352 7783 31639
897839917988028416 0 6
897635503712894978 0 17
897614203577651201 516 6075
897609503931236352 10789 42487
897606962795380739 1 34
897508755465805824 1 88
897499990821543936 0 80
897499699908706304 4155 27108
897281272971710466 208245 0
897268792337678337 15 325
897257141056282624 4541 29476
897178423101095940 94 0
897128456445710341 0 21
897122635754221569 3041 8643
897119581487149057 0 29
897115659989135361 0 6
897112551137398787 0 4
897105131803693057 0 3
897099358465921026 2 47
897084612870123520 184 4398
896898155823865856 1 181
896897398139756544 7724 36665
896751918885810177 10 149
896742913706778625 0 71
896554068755308545 1 7
896529041842458625 0 133
896525367187517440 16376 56896
896469273228570624 7604 16467
896449694410444800 18350 0
896417508122660864 1 143
896181836220649473 49 726
896159331342721024 4497 27155
896142760931020801 40 824
896125964375150592 2 148
896042255991140352 9964 42871
896039889598394371 0 6
896036681576591362 0 12
896024678728380418 29 644
896024266222821379 0 11
896022675432321025 736 0
895844150683336705 6146 32707
895842222670831616 0 43
895841805807255552 1 169
895841783942393860 244 0
895835548706906116 15 258
895774918570389506 8 456
895773482436481024 27 602
895769415773507585 10 487
895762391769767937 0 45
895759377755451393 19904 54836
895720902607998978 0 112
895720819762114560 0 95
895716976819154944 2 65
895677935977365504 3677 24711
895647248473837569 1 7
895647046056771584 10 369
895646607760379904 3873 16839
895645291008991232 1 61
895471007280103424 33 562
895470236610285568 543 0
895404607559671810 101 1934
895348652134338564 2 93
895313167588368385 7251 32949
895304099310313473 1 31
895303038059106305 3165 0
895074748639711232 5708 36360
895009802736291840 78 0
894951041288024066 4680 29132
894799074611822592 0 21
894734305452314626 8 291
894733780094599168 2 183
894732808815493122 5714 23902
894712997771448320 7597 40675
894589023578206208 3286 20364
894583028780945409 2 10
894582960812285953 0 43
894563451493855232 0 2
894560184479207428 0 16
894394005127036928 0 32
894385303288512512 1473 0
894368691688792064 0 37
894353042363092996 5225 28282
894347203929677825 0 5
894346988858331136 1 6
894345991746400256 0 8
894344878704005120 246 2392
894337071032258560 1 8
894329809282760708 0 45
894309714477056000 1 89
894245210984779776 0 87
894231278249181185 9983 46226
893988506866987008 2762 18893
893978287474606086 4 170
893923633097318402 96 1359
893905238616309761 0 6
893886410683547648 1 258
893872859088551936 1996 10307
893867407919525888 14 875
893861847446769664 36 1141
893791910980182016 6 347
893675293512273920 0 4
893632224536473602 0 10
893626376766590976 13 97
893599055594496000 16372 54943
893549835571273728 6 198
893500556618215424 2 140
893500007000588288 4985 24166
893469605464854528 1 12
893293865091964930 0 6
893273525506629634 0 84
893273337610121216 4678 29776
893215567548743682 2 57
893200803930017793 2 46
893178220186677248 0 19
893175429393256448 2 55
893008049748791297 0 23
893004523148652546 31 0
892913457451978752 4 128
892913306285076480 26 0
892911961805139970 2 233
892904045077303296 125 2321
892899207362826240 1 30
892898970980286465 50 1158
892897799712493568 238 0
892897384333705218 71 642
892896519799676928 1088 11037
892890668636540929 6034 37915
892865337636605953 2 166
892830167210635264 4 203
892785219744518144 1 83
892583270222876672 81 916
892574032717131776 11825 0
892565951547310084 0 25
892551633334349828 6196 29615
892526806766694400 325 1536
892520882710745089 76 0
892498753898389504 0 3
892473392569495553 2 117
892424456345460739 4 130
892421031180337152 4 264
892420971436666880 2 224
892420643555336193 8577 38769
892413143485468673 0 5
892210271648919552 1 12
892201448221663233 1 54
892192621686386688 0 16
892177421306343426 6304 33205
892173180311408641 0 3
892139164761804800 0 4
892112281680695296 0 19
892103503837110272 0 9
892092659199860736 1 67
892086432323575809 0 11
892086354787663873 0 6
892080827307372544 0 13
892069486282641408 0 45
892068051935518720 0 13
892061301861752832 0 8
892054436419338240 46 791
892054197100793860 17 262
892053924877926400 1 6
892053064613548032 1 7
892052942253170689 57 702
892051875822014465 0 10
892051704241430528 0 14
892047686265958400 163 2105
892036815888240640 45 930
892032193635250178 8 263
892030487430139904 10 269
892028649507094529 9 278
892027056980197377 11 272
891901118778888192 62274 0
891844224383111168 1 3
891815181378084864 4187 25009
891802479746318337 0 13
891795864276140034 1 42
891792269279363073 1383 13914
891774166671785984 0 9
891761607042375685 9 69
891738529813934080 50070 0
891716584342999040 1 10
891689557279858688 8701 42146
891688729877901312 2 64
891668183857475584 1 7
891660592615960576 0 4
891501274486759424 43 1350
891471532991672320 34931 0
891432765937373184 33 558
891424652232466437 552 3868
891390120087236608 0 29
891376060734066689 196 0
891356824791810048 163 1345
891327558926688256 9465 40297
891139024060112896 0 24
891128553764421633 0 15
891120454525755392 1 31
891102156400594944 15 251
891087950875897856 3135 20203
891056745736531968 0 14
891053843563380738 468992 0
891032641612521472 0 24
890971913173991426 2087 11843
890760619967864833 1 55
890758546081685504 1 14
890752381520150534 0 8
890751669260214273 0 8
890729181411237888 19017 65464
890609185150312448 4290 27762
890557381826007045 0 14
890415895541055492 1 21
890411856518672384 28679 0
890240255349198849 7463 31919
890064288337059840 22 627
890062896826388480 36 454
890006608113172480 7379 30625
889998803671142400 1 73
889935737055059968 0 8
889883988244017152 14 309
889880896479866881 4999 27771
889690185608441863 63298 0
889665388333682689 10124 48082
889638837579907072 4571 27151
889531135344209921 2251 15079
889514035997290496 9 89
889512881850646528 0 12
889460883323314176 172 2573
889278841981685760 5468 25296
889274656531906562 1327 0
889224377455312897 21 524
889218244925681664 1589 10812
888917238123831296 4523 29065
888826191246962688 56 3067
888804989199671297 4371 25576
888554962724278272 3603 19888
888401755150725121 556 0
888092155293691904 3257 0
888079912048963585 0 64
888078434458587136 3515 21745
888071056854052865 3 147
887813716372336641 1 497
887717401529376769 5 200
887705289381826560 5425 30164
887697455684489216 1 193
887697351758020608 11 419
887696817571467264 582 0
887517139158093824 11738 46205
887473957103951883 18350 69073
887459428466929666 3 100
887394862844301312 2 119
887343217045368832 10470 33668
887164709560090624 0 93
887125052646465536 20 436
887112637674393600 0 124
887109463576104960 7 269
887106120900382721 4 151
887101799680937984 5 322
887101392804085760 5994 30514
887031978926723072 1043 9552
887023155994406912 144978 0
886983737581416448 13 428
886983233522544640 7820 35126
886760339286757376 0 39
886752859584417792 2 41
886740849425620992 0 126
886740757352247297 1323 14024
886736880519319552 3315 12059
886697079988510722 207 0
886680336477933568 4495 22416
886671569895948289 1 26
886366144734445568 3214 21186
886358942405742592 3 40
886300544708468736 72885 0
886289870343217153 41 0
886284293072240645 1 82
886279917117128704 50 1774
886279675244273664 1 47
886278612437024769 1 21
886277951318249472 207 2607
886267009285017600 4 116
886265800276885504 0 24
886264561375916032 14 339
886258384151887873 6327 27968
886239826495684608 787 9145
886089916358074368 3 8
886054160059072513 104 0
886053434075471873 213 3315
886008008840327168 0 24
885985703082967041 1 129
885984800019947520 6850 32690
885974610675552256 1 37
885973027078287360 206113 0
885710018384998400 6044 27374
885652167738216448 112 1705
885647001689481216 16 128
885613336204857346 223 3327
885557037995786240 0 37
885556494900527104 0 10
885528943205470208 6477 35986
885518971528720385 3777 20418
885513087847202816 9 399
885512426325782528 18 457
885508762408300545 3 181
885506608511549443 1 48
885348503723155456 8957 44402
885347458032783360 1 82
885346556597207041 0 90
885311592912609280 18690 0
885245987983417344 0 29
885223292474466304 0 15
885208065057976321 1 46
885207863219691524 8 22
885205289330327552 22 240
885204628454952960 50 0
885168413307482114 5 253
885167619883638784 4408 21930
885110428594057216 58153 0
884982501172752384 57883 0
884977817657765888 1 97
884953448868970497 0 6
884933578311839745 0 12
884929290751574016 9 599
884925521741709313 18568 77475
884902797988200449 1121 7777
884876753390489601 5823 27921
884571973510189058 1 66
884562892145688576 4899 24288
884561185236037632 2 64
884560307439501313 1242 0
884542190281773056 159 0
884442286741999616 2 142
884441805382717440 5688 26973
884248654202249216 15 800
884247878851493888 20575 72993
884180698915123201 1 143
884170482035064832 18 196
884162670584377345 3007 20366
884150512983187460 0 15
883864724328284161 178 0
883852487396032512 4675 0
883839164898267136 55 548
883838122936631299 3471 21889
883830284613017600 0 13
883804095773110272 0 169
883801529379151872 0 118
883780462350610432 0 10
883762289639292930 0 67
883762009086537728 18 809
883760513754296322 1982 21281
883494432531677184 2996 0
883487347702149120 0 38
883485397359243264 1 30
883482846933004288 10028 45940
883456454535122945 122 0
883361197424353280 14 755
883360690899218434 3709 22549
883355217051430912 0 53
883160697647104001 1151 0
883145502166065154 0 11
883144554811191296 16 630
883125627557117958 123 0
883117836046086144 6717 37205
883116898698874880 2 200
883092507961241605 1 47
883013706560544768 123 1449
882992580224589824 0 60
882992080364220416 3948 23936
882985446065790976 207 2965
882777690432000004 8 352
882776878578380802 393 4897
882776066988937216 4391 23637
882775995291320320 1791 11118
882762694511734784 4960 28294
882737548107419650 8794 0
882737350576656385 1 31
882680293412532225 13 167
882640562003857408 0 43
882627706478895105 0 28
882627270321602560 6145 27886
882625280078221312 4 96
882414001564594177 0 18
882376729699942401 1 42
882368121822203904 13 121
882365216570343424 2 75
882364889930625028 204646 0
882364704605306880 2 40
882317269845585926 2 38
882314806157598720 13 131
882282265719570432 0 11
882268110199369728 11692 44957
882054473786503168 9688 0
882048802777157632 2945 18170
882045870035918850 5026 29333
882035829333520384 1 17
881934379806797824 53 0
881913219828330497 5 181
881906580714921986 3421 24273
881710159499857920 0 31
881678163771875328 0 85
881666595344535552 10759 50532
881634856819675137 1 63
881633300179243008 7 128
881581949042733056 0 166
881564250933743616 10 355
881536004380872706 16109 49444
881350037938352128 11852 0
881273624589742080 1 108
881270012501209088 0 13
881268745016102918 3 264
881268444196462592 5195 23058
881238088869187584 1 26
881234648893984768 0 6
881234060772872192 66 0
881229649623363584 456 4527
880935762899988482 2798 16998
880929888101969949 184 3131
880929822037471232 23 105
880872448815771648 3850 21301
880866191870439425 110 951
880639547134156801 0 41
880638795644895233 2 62
880635268520439809 47 549
880465832366813184 6338 28514
880448805430333442 142 0
880398125948653568 6 68
880390422585069568 0 20
880224289735180288 3 339
880221127280381952 4271 27069
880193515719843840 3 105
880170492958834688 0 23
880167297385725953 0 10
880147449792393216 3 66
880146257276264448 115 0
880095782870896641 4393 27612
879890225497034753 2 33
879880616485019648 7469 0
879862740696915968 4 225
879862464715927552 3523 22290
879724297589338112 323 0
879674319642796034 10 313
879517808136269824 4 304
879517753866170368 724 0
879517704461438976 1 22
879516036860706816 4 129
879513523063328768 323 2305
879492040517615616 3208 23404
879481681039773697 1 155
879468419933982721 68 0
879432406280876034 0 25
879430146054389760 0 28
879426496934408193 2 59
879415818425184262 44557 105865
879413204115484672 0 8
879413153758621696 0 19
879376492567855104 3146 16772
879369084844089346 2 249
879367521702424576 7 355
879366646619668487 0 17
879192632710369280 306 0
879192340786753537 184 1188
879183711954227200 213780 0
879130579576475649 6906 0
879105252800200707 1 31
879103896861462529 35 739
879103254050811905 3317 0
879083534056665088 0 10
879061222964027392 0 91
879052120909074432 50 1752
879050749262655488 4757 22592
879009201661587456 0 94
879008229531029506 2719 18962
878991975663403008 0 7
878979473852567552 0 29
878818661624164352 38 0
878777164891648000 2 230
878776093423087618 4169 19385
878747555538116608 440 4490
878604707211726852 7307 30282
878433024085557248 8 267
878429934854733824 7403 24670
878404777348136964 1308 0
878391441105580032 2 93
878391244375961600 1079 0
878387622384730113 39 0
878385864908263424 5 316
878356024226455554 4 392
878354996797898752 21 369
878347325839626240 4 45
878330024096448512 0 4
878316110768087041 6709 0
878281511006478336 1308 7754
878084071540346880 13 0
878082474042998784 99765 0
878057613040115712 6906 42045
877993728060919808 0 11
877973123034992640 0 2
877969648217604097 0 35
877969582077562880 0 8
877968405067739136 43 1035
877923292073603073 5 204
877744239559323648 21 1554
877739850757275648 6030 14453
877738897664389120 13 1205
877736472329191424 19341 79878
877721226503966720 2 40
877628626728083457 8 434
877611172832227328 81 0
877604235533099008 39 2051
877603927402831872 23 1930
877595819549044736 240 4532
877595704071340033 5 809
877595114247303168 27 1860
877593787572211717 38 2185
877593438614671364 16 1133
877593075031429122 34 1682
877590829040271360 15 1368
877589839784423424 14 1062
877589601577127936 52 2736
877589145719263232 3889 16039
877588441919344640 0 3
877588380241903616 22 261
877557804994887680 5 249
877556246731214848 3861 22759
877555202907398144 0 12
877555030584328192 4 111
877472044014862336 0 17
877471818306682880 1 9
877317814356410368 1 104
877316821321428993 5225 27369
877301942170550272 848 0
877270409284071425 56 870
877263594689318913 0 3
877217717778075648 297 0
877214111549050880 349 0
877213793893449729 6 134
877201837425926144 5652 27145
876964559440945152 2472 0
876963576992342018 114 0
876924927772835840 0 17
876924860575866880 0 27
876924669546307585 0 3
876886556715302912 0 48
876884169111949312 114 1112
876838120628539392 3398 20681
876627710067458048 0 38
876627540953096192 19482 0
876537666061221889 4657 23457
876505858938617856 11423 0
876498118665060353 210 0
876484452293124096 3 159
876484053909872640 2429 18778
876478955330519040 215 0
876223744905142272 141 0
876144821336915968 0 64
876120992187170816 1 41
876120534706081792 2 39
876120275196170240 4745 27941
875906813912207360 0 23
875905873884958720 0 6
875905270563590144 0 6
875886585715228672 0 59
875810732159389697 7956 0
875783491589332992 1 60
875773678046203904 27 1366
875771488414048256 275 4140
875763290512674817 3 76
875763026871197696 8 305
875747767867523072 4347 25219
875570873729564672 5479 0
875519704869158912 130 0
875390515738431488 0 44
875386697147490304 25 236
875381154597060608 3 486
875169435752976384 0 118
875150011452997632 0 61
875145819447468032 8 401
875144289856114688 4982 21938
875115865326338052 0 6
875098693958901760 175 2907
875097192612077568 6110 27449
875023069168902144 1 70
875021211251597312 4775 25513
875015391138914304 19644 0
874759110469664768 168 4025
874754425927024640 117 2643
874750474691371009 8 165
874741983880691714 62 1327
874680553676578816 0 102
874680097055178752 4705 27889
874453074236014593 129848 0
874434818259525634 14943 0
874342300092125184 3 103
874339729474564097 0 111
874338953738031105 409 0
874296783580663808 4168 26109
874074424928022529 72 0
874070846431744000 0 25
874062038678601728 22 179
874060124356259842 13 173
874059813688410114 13 172
874057562936811520 4006 22691
874054644670103552 42 488
874014816528150528 3 172
874013468810235904 2 456
874012996292530176 10616 34760
874002466962112519 7 291
874002132831264769 36 959
873927513830981632 0 126
873710296338247682 51911 0
873684748333350914 16 245
873656355357372420 1 31
873580283840344065 4002 24309
873362137900605441 52 994
873357023617970179 0 15
873337748698140672 1611 0
873294226062286848 0 19
873292135977672704 0 60
873213775632977920 1611 7277
873033762157740034 76 0
872996685613600772 340 0
872993053283414016 157 0
872990396233768967 3613 0
872967104147763200 5489 27463
872966744649994240 2 52
872945351673753602 46 890
872941538162159619 1 8
872929572127485955 1 48
872910631422357504 85 0
872905896472576001 1 80
872904426029293569 6 213
872902406597738496 2 335
872880570463858691 342 3944
872869691210989568 94 1322
872851420466335746 0 13
872846930799407105 340 3246
872827887447158785 0 19
872821316063297537 14 488
872820683541237760 3754 14766
872668790621863937 28 0
872622586420764678 4 528
872622210669785089 403 5651
872620804844003328 3769 20850
872583708246781952 0 7
872579365778968577 1 28
872519458052595712 1 28
872513451968561159 92 0
872495322483830792 0 213
872486979161796608 9154 40858
872467070570594304 1 127
872307268246794240 1 33
872277297256071169 0 55
872261713294495745 6439 34384
872206633400586240 67 994
872205634707509248 178125 0
872186556668407812 1 104
872133149614108676 0 30
872122724285648897 8263 34614
872115850748321794 0 125
872114819180228608 0 26
872113361940602882 0 24
872107996154933248 0 38
872106974766346240 0 39
871894186848661504 4 108
871879754684805121 11417 38246
871859185608249345 0 21
871857526857510913 0 6
871853611558596608 0 7
871853366925832192 1 11
871793920115605504 0 23
871787322387378176 0 35
871779791430717440 56 740
871772062305669120 0 3
871762521631449091 3531 20358
871752247461466112 0 13
871543390286090240 4 249
871542492612751361 3 216
871521111208583168 0 141
871516556781662212 8 205
871516457569538049 8 249
871515927908634625 3514 20320
871475421338099714 3 154
871474322648518656 1218 9976
871166179821445120 5793 0
871102520638267392 5594 21045
871096126509862913 4 91
871079942095642624 0 26
871032628920680449 3876 22806
871024683809943552 1 30
871024458672242689 51 896
870998827335114753 1830 0
870998789359902720 0 16
870992649335046144 0 29
870856828854423552 1 37
870844231165911040 1123 0
870804317367881728 6342 33867
870750778880929792 4 232
870745958996471808 3 114
870742366612795394 0 40
870735498423226369 6 257
870730465237487616 3 118
870729261778444293 0 9
870726314365509632 3 120
870726059553148928 142 1467
870722065460068352 1 112
870707376793333760 0 22
870660554460983297 550 5354
870656317836468226 2703 12513
870644435419357184 2 120
870594523877003265 31 1131
870496544385925120 2 566
870495406244876288 7 700
870483329866489856 25 313
870483137318580224 0 18
870380068144644096 36 941
870376690828148736 143 3580
870374748634714113 17 1705
870374659245690881 3389 23593
870374049280663552 26778 83319
870338865281847296 3 24
870314363286167552 5 288
870310793765687296 1 145
870308999962521604 4241 21982
870225574609989632 703 8777
870077140431253505 5 196
870066693112045568 1 100
870064923094679556 6 446
870064226622201856 16 238
870063196459192321 8535 36992
870048895669338113 36 870
870047357911654400 8 592
869789104866766848 790 6581
869784779981549568 1478 0
869777832670638081 4427 17705
869772420881756160 10281 42790
869759472922763264 2 65
869757007083032576 0 7
869756109749399553 20 0
869704431172014080 345 4892
869703850315403264 1 103
869702957897576449 6472 28522
869642411512918016 1 31
869642128745537537 737 0
869615182837886978 108 0
869597039465836544 2 160
869596645499047938 3207 16140
869573950803726336 0 10
869573857254006785 0 9
869227993411051520 3885 20645
868975228684181505 246 2770
868880810878713856 7 531
868880397819494401 14890 66369
868639477480148993 2158 0
868622495443632128 5924 27542
868618529905430528 1 33
868552278524837888 2158 10282
868270235089911809 9456 27787
868240437194104833 0 14
868236409009709056 18 146
868158892265553920 164 0
867900495410671616 4289 24468
867815490927960064 0 15
867774946302451713 7533 34438
867757051358871553 0 20
867480680128753665 1599 0
867459278248062977 4 98
867421006826221569 2590 16370
867169986128859137 7 366
867095770725482496 0 48
867088778787254272 2 16
867088610960568320 26263 0
867072653475098625 131 0
867051520902168576 8114 32736
867045122118123522 8 206
866815288033112064 405 5138
866731480621481988 2 45
866721644164853761 0 20
866720821015977985 0 13
866720684873056260 4980 20405
866720372816834560 0 9
866686824827068416 3600 19642
866454172710948869 5 260
866452067455553537 7 376
866451124978634753 2 384
866450705531457537 36383 124292
866432051255414784 1 15
866430697183096832 556 0
866334964761202691 14943 53483
866125280817053696 1278 0
866094527597207552 8658 0
866036211441336321 4 49
865993374666567681 0 38
865992324073041928 0 18
865974602970877952 2 55
865961397540315138 1396 12922
865934902969200640 2 21
865934738116227072 1 134
865769897749598209 589 6447
865757101481701377 4809 0
865741849612431361 28 1164
865735075236896770 2 85
865718153858494464 5787 26047
865666784082378752 11 111
865566523213086720 574 5294
865539142158909441 959 0
865387071002873856 8431 24658
865359393868664832 5170 26944
865233969821908992 498 0
865206902631878656 49 700
865046301301501952 0 52
865045554639851521 3 91
865042373755195393 0 142
865024282887421953 0 45
865019024228438016 0 16
865012635145838592 6 191
865008753225093120 14 202
865006731092295680 7931 28507
864999067725701121 124 2454
864991834132676608 0 35
864991597380993024 498 4115
864928531771523072 73 758
864895026731634688 1 52
864881274888048645 21 440
864880857751973890 6 201
864880694719377408 0 80
864880597310767107 0 4
864875409124585472 7 281
864875140231946241 1256 6857
864873206498414592 9030 32915
864873079884918786 47 309
864834953099579392 2 78
864679384128598017 18 431
864670901786333184 0 42
864660279275204608 20 143
864659261464379392 62 225
864658658747142144 44 250
864646309822779397 1 58
864640322885869568 71 1037
864532913366462464 3765 0
864287631101890560 351 0
864279568663928832 3155 14896
864198364602273792 4 141
864197398364647424 9279 30759
864151607784726528 347 0
863962601826418688 887 9239
863914388620808195 0 6
863908083143245824 3 236
863907417377173506 4290 21036
863887189704400898 0 14
863783567314309120 0 5
863781312213262336 0 3
863775880002371586 76 0
863602876010164224 1 18
863602620266676224 17 251
863595519586832384 88 598
863575128197799936 22 825
863560940834484224 2 161
863553524071903233 0 10
863553081350529029 4330 15587
863541457931706370 13 144
863539148568883200 39 467
863535945416617987 0 7
863529979665149953 181 0
863490562757971970 0 19
863480323358826496 108 1135
863471782782697472 2569 0
863432100342583297 5476 24290
863427515083354112 101 2308
863424875008073728 116 2621
863199723548749825 11593 0
863178982874906624 2 88
863178677441499136 2 92
863176796518440960 6887 23128
863173357273047040 53 1364
863144129064259584 58 0
863080933649461248 8 117
863079547188785154 1143 8942
863062471531167744 2569 8719
863018408023085056 2 113
862842036789104642 1 70
862841966178054146 98 0
862841401465335808 0 10
862833988171386885 0 5
862831933394477062 169 1173
862831371563274240 5275 19600
862828568732151809 0 9
862776644557303808 9 375
862774975304007681 0 27
862773390800760832 6 108
862722525377298433 3679 17449
862698176012320769 0 28
862457590147678208 5160 21004
862418272276361220 51372 0
862367609043513345 67612 0
862100720530722818 74 537
862096992088072192 24258 76277
861754482329309186 2 75
861704576084344833 130 0
861701454532407296 32 0
861627682131521536 0 11
861577893721276416 0 11
861576721958678529 0 48
861415248632451072 5 354
861411114311184385 33 790
861384059670470660 160 4093
861383897657036800 11134 36892
861289239706775552 29 854
861288531465048066 4341 17601
861281240116342787 2 22
861264049627176960 0 115
861263286955847680 51 304
861217421692194816 0 8
861024633973329920 0 8
861023061440638977 1 7
861013867031404544 2 8
861005113778896900 3972 17127
860989735615049728 1 11
860983917033267200 342 0
860981674716409858 2253 0
860944040782639104 57775 0
860924035999428608 853 0
860904962582302720 92 881
860897935244111872 7 226
860709852842254336 9 184
860658893621514241 1 88
860657309374173184 682 4393
860623936647835649 214 0
860563773140209665 2253 7684
860562494238199808 9 275
860562217711923201 2 145
860539418670759937 0 35
860538739679997953 1 154
860526424872165377 24 701
860524672475176960 14 485
860524505164394496 5506 24191
860311559809245184 0 8
860301328395927552 60 0
860276583193509888 3629 18756
860254450128232448 43590 0
860201717274750976 2 135
860189612333047809 1 82
860184849394610176 6099 17099
860177593139703809 32301 0
860167721564217344 60 607
860166172637102082 18 171
859935222011482112 54423 0
859924526012018688 4286 20031
859851578198683649 3660 15790
859608558924705793 380 9722
859607811541651456 1648 19073
859407684650618880 85 0
859196978902773760 31684 92342
859180335527079936 0 13
859180247723409409 2 43
859180085345234944 0 9
859178445984718849 0 24
859177731455668226 85 1082
859172300410769408 2 51
859075093070303232 31 710
859074603037188101 14247 34820
859062012621541377 6 149
858860390427611136 8513 0
858859053891670016 7 335
858843525470990336 3637 15962
858749943057657857 292 0
858471635011153920 5077 22118
858469593479827456 257 0
858371226447859712 1123 0
858107933456039936 3053 16179
858104066165149696 0 17
858100810286288896 40 0
858100746826518529 137 0
858047895630749697 5667 0
858021436157566977 4 245
858021369321316357 822 0
857990396026159104 0 45
857989990357356544 2710 16575
857970140457160704 3 13
857762435251535872 1 15
857761339095343105 304 0
857746408056729600 11140 35267
857736059697983488 0 12
857709437771022336 40 0
857650283291316226 2 9
857644742137565184 1425 0
857634236756525056 6 129
857626296880431105 0 53
857625397718122496 304 1963
857490329733410816 0 16
857413278850568193 238 2896
857401764584316929 13 281
857401475257036800 10574 28566
857393404942143489 1717 6102
857380171468460033 6 298
857366465430921218 3 121
857366153110458368 27 486
857314120378568705 4 62
857263989570621441 81 1141
857263712553639936 0 8
857263160327368704 4757 20602
857232186075996170 4 156
857214891891077121 20 235
857062744297787392 0 306
857062103051644929 178 0
857049404993404928 28901 0
857029823797047296 4211 19493
856985779981230080 8 214
856934879724007425 223 0
856885857428656129 280 0
856628208065753089 8 281
856627131815788544 0 36
856626357211680769 73 850
856602993587888130 11264 0
856581615929229314 0 19
856563218545823744 144 0
856544924879204352 0 21
856543823941562368 3035 16788
856537406320672772 1 44
856535648773316610 3 351
856535262851211264 804 0
856530584264421376 23 567
856527889390555137 791 8872
856526610513747968 1984 12193
856394590668156928 57 1427
856331930496839681 0 167
856331681464295424 1 142
856331243780222976 117 2783
856330835276025856 713 0
856288084350160898 17 533
856282028240666624 6664 28555
856265537713840128 2 85
855870601843679235 3019 0
855870117044989953 9 144
855862651834028034 28 360
855861168698732544 437 1951
855860136149123072 1097 5131
855857698524602368 2238 12219
855855357184311296 10607 0
855853760102486017 89 1427
855851453814013952 18676 46924
855845763280236544 0 58
855834268328710147 1530 0
855822874413862912 3367 18069
855818117272018944 5758 27494
855586110629720068 3 208
855581691288723456 5 176
855579531993899009 31842 0
855576115183853569 0 22
855575532024496129 11 332
855572511106510848 28 368
855569900898856962 0 6
855535162154778625 0 7
855459991872036865 981 6758
855459453768019968 8715 30992
855245323840757760 6330 0
855243276340916225 1 32
855146987230048256 752 0
855138241867124737 49 0
855049148323835904 2 89
854804094749429760 141 0
854732716440526848 6481 23677
854680470612783104 4 90
854513663105015809 0 101
854512365165064192 5790 17337
854510962715578369 0 14
854508948048797696 572 0
854505507637395457 2 35
854482967598641156 0 124
854482394044301312 7320 30429
854464477802016768 141 1100
854461208614903808 126 0
854460563413282816 89 1038
854425569093709824 0 11
854412754408656897 100 0
854406052258951174 219 2968
854405057567223809 1731 0
854377588374073344 0 13
854376716701245441 0 36
854376546521559044 1 14
854376046203990016 572 3105
854365224396361728 4989 19611
854362818648444928 0 42
854126112221409280 13 725
854122288765177856 494 8184
854120357044912130 7978 33199
854094881396056064 8 252
854059970169622529 11 264
854057481936547841 0 13
854056482723287040 0 11
854055616960225280 824 0
854010172552949760 3344 16818
853983595853205504 0 6
853774418279108608 11 265
853763323816546310 1 32
853763003476574209 0 15
853760880890318849 6177 29753
853749659055116288 6 278
853735880745529345 0 20
853727258783215618 0 7
853650685115727872 6 194
853639147608842240 10837 36356
853615301342228480 1 8
853480541957619712 27 802
853465059032535041 1 90
853463049117868034 2 158
853313695962759169 177 0
853305099497680903 0 13
853304436520878081 0 69
853299958564483072 3803 16187
853113694183714816 2430 0
853053615065509888 1508 3012
852936405516943360 2164 0
852912242202992640 1968 9435
852833245913694209 11 474
852718316934377472 2390 0
852713194833498113 3 134
852712228075819012 8 237
852703013802311680 181 0
852677345819414528 6 121
852672615818899456 2300 15583
852652523483779072 15 189
852560708931915776 27 869
852554938680999936 52 1423
852553447878664193 3761 17104
852549591161548800 1 125
852537499876511745 0 40
852533841550073856 238 0
852533749728378887 181 1937
852505986581626880 123 0
852311364735569921 10602 34635
852308971734142976 1 166
852304046673334272 0 12
852303073401765888 97 1733
852228561247375360 0 84
852227200401252357 944 5542
852226086759018497 7312 20917
852189679701164033 1693 11971
851953902622658560 10349 0
851886908632334337 3118 12953
851880269820944384 262 6307
851861385021730816 23 0
851857518913572865 68750 0
851814151643160576 59 847
851591660324737024 3716 16960
851536336314134529 22130 0
851469159816986625 45 990
851464819735769094 7595 25402
851232453977153536 448 5339
851224888060895234 6152 21660
850877178032132096 0 26
850843796430610434 471 0
850753768299933697 6 284
850753642995093505 10004 32566
850491842030383106 4273 0
850455465137930244 5 278
850455193326059522 26 720
850406446424621057 613 6971
850380195714523136 2804 13689
850348623103709184 11 120
850333567704068097 357 3580
850146906579849216 0 118
850145907823738880 5 191
850145622816686080 4115 17139
850052571771408386 843 8462
850019790995546112 5279 21478
849984531729977345 21308 0
849776966551130114 8201 32010
849668094696017920 5351 0
849597314788446209 1 187
849426785800466432 95 0
849412302885593088 3383 16678
849408227846623237 4681 16880
849388151831506944 42 917
849336543269576704 2042 12022
849051919805034497 9206 44656
848950106787368961 238 0
848902815967784960 9954 0
848690551926992896 4666 26533
848642382149103616 69 895
848595461552435201 16 497
848324959059550208 4969 26059
848293576694018049 0 43
848279291330777093 23 592
848233538596077568 11 475
848222171776380930 2 48
848217409022558209 13353 0
848213670039564288 808 8616
848212111729840128 3333 17231
848209058222018561 1172 11343
848207232026148867 3789 18696
848207006196543488 4074 14164
847978865427394560 3522 0
847971574464610304 465 0
847969154607067137 690 6556
847965230110040067 12 428
847962785489326080 5541 24772
847928206137196544 0 8
847904370633187328 2204 0
847890809571729408 2 33
847843620841566208 3 163
847842811428974592 1459 5793
847617282490613760 454 7396
847606175596138505 3664 19777
847578262301802498 1 18
847564233449512960 101 1253
847508511693160448 8 118
847255934053240832 86 0
847251794174529536 684 8511
847251039262605312 4641 21549
847159010671382528 4 379
847157206088847362 6342 21100
847116704283013121 10 365
847116187444137987 3454 22616
847091038825140224 13192 0
847078709920256000 3 46
847078060054720524 0 16
847069663716687872 0 35
846885924097179648 2 120
846881348602220549 26 163
846879767941070848 0 142
846874817362120707 4255 21206
846749895147114498 2 204
846732897440743426 17 564
846731265118261248 2104 0
846731249083437057 2201 12546
846695242728456196 2 303
846525174585442305 110898 0
846514051647705089 12596 47240
846505985330044928 3361 14960
846433564816261126 5 30
846433311752933376 4 31
846371533304016896 12 977
846160926315307011 3490 0
846155016255782912 264 6834
846153765933735936 9835 33553
846139713627017216 10675 32611
846056794690605064 199 1437
846042936437604353 3127 16919
846041955570212865 0 24
845812042753855489 9495 31005
845802413097439233 7375 22528
845742202265505794 10 235
845740435343654913 6 239
845677943972139009 5196 26569
845511982480588800 0 59
845509897773043713 143 0
845397057150107648 1980 8074
845394647497224193 0 92
845393885971054592 1 120
845392573573337093 66 971
845331103917510656 0 38
845315566302826497 154 1347
845311055899348992 0 47
845306882940190720 5860 24692
845104973864206336 1 51
845098359547420673 8352 0
845069846882717696 2771 0
845069117535244289 2760 11782
845025336752529409 61 333
845025260730757121 22 175
845025100411932672 89 510
845024931108835331 10 99
844984516729094147 103 2049
844979544864018432 2818 14447
844977150096740353 0 67
844974966319841280 12 313
844973813909606400 3498 16025
844964211822354434 5 47
844765876138082305 41 922
844725306376245249 48 1735
844724355313610752 9397 19684
844707099045179394 923 10059
844706109072007168 4 241
844704788403113984 11264 41062
844636638324101120 2 119
844635709646536706 0 17
844583926429630465 6 244
844583501659869184 579 6438
844580511645339650 3416 17464
844559987301076992 1345 0
844371661893881856 5 218
844349668008116224 274 4507
844237605013262337 104 1490
844223788422217728 2387 14436
844005223597248512 0 12
843992372493139968 1080 0
843981021012017153 3178 16015
843856843873095681 5034 22695
843619341509758976 0 15
843607681550159874 0 26
843604769365262337 6 260
843604394117681152 2985 17906
843568818492530689 5 349
843235704754917376 13 365
843235543001513987 6604 22799
843224748461035521 52891 0
842914982148915200 2703 11830
842859867429883910 1 30
842858996969148416 0 13
842858149258444801 66 1496
842846295480000512 3906 16139
842828814447198208 0 6
842803451079876611 216 2866
842765311967449089 1395 7164
842764534167343104 1 21
842547213863673856 669 0
842536828276228096 1085 14631
842535590457499648 3815 19206
842491300779872256 1 45
842466898663075841 51305 0
842236506727190530 0 6
842227142150754305 0 4
842186582840999936 14073 34313
842163532590374912 6330 26021
842122065452924929 58482 0
842115215311396866 3294 14892
842066340479406088 0 9
841833993020538882 16834 0
841754700710051841 0 10
841749929404055552 189 0
841680585030541313 8460 27249
841486863869313024 288 0
841471729260212225 1 10
841439858740625411 4017 13431
841406611981762560 0 41
841402579468877824 3 88
841401075806687233 190 2147
841398697103675392 549 0
